sin0: 0.0
cos0: 1.0
tan0: 0.0
sin15: 0.25881904510252074
cos15: 0.9659258262890683
tan15: 0.2679491924311227
sin30: 0.49999999999999994
cos30: 0.8660254037844387
tan30: 0.5773502691896257
sin45: 0.7071067811865476
cos45: 0.7071067811865476
tan45: 0.9999999999999999
sin60: 0.8660254037844386
cos60: 0.5000000000000001
tan60: 1.7320508075688767
sin75: 0.9659258262890683
cos75: 0.25881904510252074
tan75: 3.7320508075688776
sin90: 1.0
cos90: 6.123233995736766e-17
tan90: 1.633123935319537e+16
sin105: 0.9659258262890683
cos105: -0.25881904510252085
tan105: -3.7320508075688763
sin120: 0.8660254037844387
cos120: -0.4999999999999998
tan120: -1.7320508075688783
sin135: 0.7071067811865476
cos135: -0.7071067811865475
tan135: -1.0000000000000002
sin150: 0.49999999999999994
cos150: -0.8660254037844387
tan150: -0.5773502691896257
sin165: 0.258819045102521
cos165: -0.9659258262890682
tan165: -0.267949192431123
sin180: 1.2246467991473532e-16
cos180: -1.0
tan180: -1.2246467991473532e-16
sin195: -0.2588190451025208
cos195: -0.9659258262890683
tan195: 0.26794919243112275
sin210: -0.5000000000000001
cos210: -0.8660254037844386
tan210: 0.577350269189626
sin225: -0.7071067811865475
cos225: -0.7071067811865477
tan225: 0.9999999999999997
sin240: -0.8660254037844385
cos240: -0.5000000000000004
tan240: 1.7320508075688754
sin255: -0.9659258262890683
cos255: -0.25881904510252063
tan255: 3.732050807568879
sin270: -1.0
cos270: -1.8369701987210297e-16
tan270: 5443746451065123.0
sin285: -0.9659258262890684
cos285: 0.2588190451025203
tan285: -3.7320508075688847
sin300: -0.8660254037844386
cos300: 0.5000000000000001
tan300: -1.732050807568877
sin315: -0.7071067811865477
cos315: 0.7071067811865474
tan315: -1.0000000000000004
sin330: -0.5000000000000004
cos330: 0.8660254037844384
tan330: -0.5773502691896264
sin345: -0.2588190451025207
cos345: 0.9659258262890683
tan345: -0.26794919243112264
sin360: -2.4492935982947064e-16
cos360: 1.0
tan360: -2.4492935982947064e-16
